arr_10 : 0.001012 ms
arr_100 : 0.048752 ms
arr_1000 : 4.67881 ms
arr_10000 : 475.52 ms
arr_100000 : 47493.4 ms
arr_250000 : 305397 ms
