arr_10 : 0.001924 ms
arr_100 : 0.081047 ms
arr_1000 : 7.58681 ms
arr_10000 : 784.693 ms
arr_100000 : 77300.9 ms
arr_250000 : 482654 ms
