arr_10 : 0.004649 ms
arr_100 : 0.023424 ms
arr_1000 : 0.265153 ms
arr_10000 : 3.04731 ms
arr_100000 : 34.669 ms
arr_250000 : 91.3149 ms
