arr_10 : 0.001513 ms
arr_100 : 0.011501 ms
arr_1000 : 0.176004 ms
arr_10000 : 9.20154 ms
arr_100000 : 27.839 ms
arr_250000 : 74.268 ms
