arr_10 : 0.002845 ms
arr_100 : 0.011492 ms
arr_1000 : 0.14634 ms
arr_10000 : 1.6528 ms
arr_100000 : 20.6806 ms
arr_250000 : 54.2063 ms
